1	104
2	107
3	103
4	103
5	108
6	104
7	104
8	104
9	104
10	104
11	104
12	104
13	104
14	104
15	104
16	104
17	104
18	107
19	106
20	107
21	107
22	103
23	104
24	109
25	107
26	106
27	107
28	103
29	107
30	104
31	104
32	107
33	106
34	106
35	107
36	106
37	107
38	107
39	106
40	103
41	103
42	103
43	103
44	103
45	106
46	106
47	106
48	103
49	106
50	109
51	106
52	106
53	108
54	106
55	109
56	108
57	108
58	106
59	104
60	103
61	103
62	103
63	109
64	103
65	107
66	109
67	109
68	106
69	109
70	106
71	106
72	103
73	107
74	109
75	109
76	109
77	106
78	104
79	104
80	104
81	104
82	106
83	104
84	107
85	109
86	109
87	107
88	106
89	109
90	109
91	109
92	107
93	104
94	109
95	109
96	109
97	107
98	109
99	106
100	106
101	109
102	109
103	103
104	107
105	107
106	107
107	107
108	107
109	107
110	107
111	103
112	104
113	109
114	109
115	109
116	103
117	106
118	103
119	106
120	103
121	107
122	107
123	106
124	103
125	103
126	107
127	107
128	106
129	106
130	109
131	101
132	103
133	109
134	109
135	109
136	106
137	106
138	107
139	109
140	107
141	107
142	106
143	107
144	107
145	107
146	109
147	107
148	109
149	108
150	105
151	104
152	101
153	108
154	107
155	104
156	109
157	109
158	107
159	107
160	107
161	103
162	103
163	104
164	103
165	106
166	107
167	106
168	108
169	105
170	105
171	108
172	109
173	109
174	108
175	103
176	107
177	109
178	109
179	109
180	108
181	106
182	104
183	108
184	106
185	109
186	107
187	104
188	108
189	109
190	104
191	107
192	107
193	109
194	106
195	106
196	109
197	104
198	104
199	104
200	104
201	105
202	107
203	106
204	108
205	109
206	108
207	109
208	107
209	107
210	104
211	107
212	107
213	107
214	104
215	108
216	107
217	109
218	109
219	109
220	107
221	109
222	106
223	109
224	107
225	106
226	109
227	106
228	108
229	104
230	105
231	103
232	106
233	103
234	106
235	108
236	107
237	104
238	104
239	105
240	109
241	107
242	106
243	104
244	104
245	103
246	107
247	107
248	104
249	109
250	109
251	109
252	107
253	109
254	109
255	106
256	106
257	107
258	108
259	108
260	108
261	108
262	108
263	107
264	108
265	107
266	109
267	107
268	109
269	108
270	108
271	108
272	107
273	107
274	108
275	108
276	107
277	108
278	108
279	107
280	107
281	108
282	107
283	109
284	107
285	107
286	107
287	108
288	106
289	108
290	108
291	108
292	107
293	108
294	107
295	107
296	109
297	108
298	107
299	108
300	108
301	108
302	107
303	107
304	109
305	108
306	107
307	107
308	108
309	108
310	105
311	107
312	108
313	108
314	107
315	107
316	107
317	109
318	106
319	106
320	109
321	104
322	103
323	104
324	107
325	109
326	106
327	109
328	107
329	109
330	107
331	109
332	109
333	109
334	108
335	104
336	109
337	108
338	108
339	106
340	105
341	109
342	109
343	109
344	106
345	103
346	108
347	104
348	106
349	104
350	106
351	109
352	109
353	109
354	105
355	108
356	109
357	109
358	104
359	107
360	108
361	103
362	107
363	106
364	106
365	104
366	109
367	109
368	106
369	109
370	107
371	107
372	107
373	106
374	104
375	104
376	107
377	104
378	104
379	104
380	104
381	109
382	109
383	109
384	106
385	108
386	108
387	106
388	103
389	104
390	104
391	106
392	106
393	107
394	106
395	108
396	107
397	104
398	103
399	103
400	105
401	107
402	106
403	106
404	109
405	109
406	109
407	108
408	109
409	106
410	109
411	106
412	107
413	103
414	106
415	104
416	104
417	106
418	104
419	109
420	106
421	105
422	108
423	108
424	103
425	103
426	109
427	105
428	109
429	104
430	107
431	103
432	106
433	106
434	106
435	103
436	109
437	108
438	107
439	106
440	109
441	109
442	106
443	108
444	106
445	106
446	108
447	106
448	106
449	104
450	103
451	101
452	104
453	107
454	104
455	108
456	109
457	108
458	107
459	104
460	107
461	106
462	107
463	107
464	109
465	106
466	109
467	107
468	107
469	107
470	108
471	107
472	104
473	108
474	105
475	108
476	108
477	108
478	106
479	107
480	108
481	105
482	108
483	105
484	109
485	104
486	107
487	109
488	107
489	107
490	109
491	108
492	109
493	105
494	108
495	106
496	108
497	107
498	108
499	107
500	104
501	104
502	104
503	104
504	103
505	106
506	106
507	106
508	106
509	106
510	106
511	106
512	106
513	106
514	106
515	106
516	108
517	106
518	106
519	107
520	106
521	106
522	106
523	107
524	103
525	107
526	107
527	106
528	107
529	103
530	104
531	106
532	106
533	108
534	108
535	109
536	104
537	106
538	104
539	104
540	104
541	107
542	109
543	109
544	108
545	109
546	106
547	107
548	109
549	106
550	104
551	104
552	104
553	103
554	109
555	108
556	109
557	109
558	107
559	108
560	109
561	108
562	107
563	107
564	107
565	109
566	109
567	107
568	107
569	106
570	107
571	109
572	107
573	109
574	109
575	109
576	108
577	104
578	107
579	108
580	108
581	109
582	106
583	109
584	107
585	108
586	108
587	108
588	107
589	107
590	109
591	109
592	109
593	108
594	109
595	109
596	108
597	106
598	109
599	106
600	102
601	108
602	105
603	106
604	106
605	105
606	105
607	106
608	104
609	104
610	104
611	109
612	107
613	109
614	103
615	104
616	104
617	104
618	109
619	108
620	107
621	107
622	107
623	103
624	108
625	109
626	109
627	101
628	107
629	107
630	109
631	107
632	108
633	108
634	109
635	106
636	109
637	108
638	107
639	109
640	107
641	104
642	104
643	104
644	109
645	109
646	109
647	109
648	109
649	107
650	107
651	107
652	107
653	107
654	107
655	103
656	109
657	103
658	105
659	106
660	109
661	103
662	107
663	103
664	107
665	104
666	104
667	101
668	104
669	104
670	106
671	104
672	107
673	109
674	107
675	105
676	107
677	107
678	108
679	108
680	107
681	106
682	109
683	109
684	107
685	109
686	104
687	103
688	104
689	106
690	103
691	105
692	103
693	104
694	104
695	101
696	108
697	106
698	107
699	107
700	107
701	107
702	107
703	107
704	107
705	109
706	109
707	108
708	108
709	106
710	106
711	109
712	109
713	106
714	106
715	109
716	109
717	106
718	107
719	107
720	108
721	108
722	106
723	107
724	108
725	104
726	105
727	107
728	109
729	104
730	107
731	109
732	104
733	109
734	107
735	109
736	106
737	107
738	107
739	108
740	104
741	109
742	106
743	107
744	109
745	109
746	106
747	109
748	106
749	108
750	109
751	103
752	105
753	108
754	108
755	106
756	103
757	104
758	104
759	104
760	106
761	107
762	103
763	106
764	104
765	104
766	103
767	109
768	103
769	108
770	103
771	107
772	106
773	107
774	107
775	107
776	107
777	107
778	107
779	108
780	106
781	107
782	103
783	103
784	106
785	106
786	106
787	104
788	104
789	104
790	106
791	103
792	107
793	103
794	107
795	103
796	103
797	103
798	109
799	108
800	107
801	107
802	107
803	107
804	105
805	107
806	108
807	104
808	109
809	107
810	108
811	107
812	108
813	109
814	107
815	107
816	109
817	109
818	109
819	108
820	109
821	107
822	109
823	109
824	109
825	109
826	107
827	103
828	103
829	107
830	106
831	109
832	109
833	109
834	106
835	108
836	109
837	107
838	107
839	107
840	109
841	106
842	107
843	101
844	104
845	104
846	109
847	109
848	108
849	108
850	107
851	108
852	107
853	103
854	106
855	108
856	109
857	106
858	104
859	103
860	106
861	104
862	104
863	107
864	103
865	107
866	108
867	103
868	107
869	109
870	107
871	109
872	109
873	105
874	107
875	107
876	109
877	107
878	109
879	109
880	109
881	107
882	107
883	107
884	109
885	108
886	106
887	108
888	106
889	107
890	108
891	103
892	107
893	104
894	109
895	103
896	104
897	109
898	109
899	109
900	109
901	109
902	109
903	107
904	107
905	108
906	106
907	107
908	108
909	107
910	108
911	109
912	108
913	106
914	103
915	108
916	106
917	106
918	108
919	106
920	109
921	109
922	106
923	103
924	106
925	105
926	103
927	104
928	107
929	106
930	104
931	109
932	109
933	109
934	108
935	107
936	101
937	108
938	103
939	103
940	107
941	103
942	106
943	109
944	109
945	109
946	107
947	103
948	109
949	107
950	109
951	109
952	109
953	103
954	107
955	107
956	109
957	107
958	107
959	106
960	106
961	107
962	104
963	104
964	104
965	109
966	103
967	106
968	107
969	107
970	109
971	109
972	107
973	107
974	109
975	105
976	107
977	103
978	109
979	109
980	109
981	109
982	109
983	109
984	108
985	109
986	109
987	109
988	109
989	109
990	109
991	109
992	109
993	109
994	109
995	109
996	109
997	106
998	104
999	109
1000	104
1001	109
1002	107
1003	109
1004	109
1005	109
1006	109
1007	104
1008	104
1009	109
1010	109
1011	107
1012	109
1013	107
1014	107
1015	107
1016	109
1017	105
1018	103
1019	103
1020	107
1021	107
1022	106
1023	107
1024	105
1025	109
1026	106
1027	106
1028	106
1029	106
1030	106
1031	106
1032	106
1033	103
1034	107
1035	107
1036	107
1037	101
1038	107
1039	107
1040	109
1041	109
1042	107
1043	109
1044	109
1045	109
1046	106
1047	107
1048	107
1049	109
1050	107
1051	103
1052	103
1053	103
1054	103
1055	103
1056	106
1057	103
1058	109
1059	109
1060	106
1061	109
1062	109
1063	107
1064	107
1065	107
1066	107
1067	109
1068	109
1069	109
1070	109
1071	103
1072	103
1073	106
1074	107
1075	104
1076	108
1077	108
1078	109
1079	104
1080	104
1081	109
1082	109
1083	103
1084	109
1085	106
1086	106
1087	106
1088	107
1089	108
1090	104
1091	104
1092	109
1093	105
1094	109
1095	107
1096	104
1097	107
1098	105
1099	109
1100	109
1101	107
1102	109
1103	109
1104	103
1105	107
1106	109
1107	109
1108	109
1109	109
1110	107
1111	109
1112	109
1113	109
1114	106
1115	104
1116	109
1117	107
1118	107
1119	109
1120	109
1121	109
1122	109
1123	109
1124	109
1125	109
1126	109
1127	109
1128	109
1129	109
1130	109
1131	109
1132	109
1133	109
1134	109
1135	109
1136	109
1137	109
1138	107
1139	109
1140	109
1141	109
1142	109
1143	109
1144	109
1145	109
1146	109
1147	109
1148	109
1149	109
1150	109
1151	109
1152	109
1153	109
1154	109
1155	109
1156	109
1157	109
1158	109
1159	109
1160	109
1161	107
1162	109
1163	109
1164	109
1165	105
1166	109
1167	109
1168	106
1169	108
1170	109
1171	109
1172	107
1173	106
1174	107
1175	107
1176	107
1177	109
1178	104
1179	109
1180	105
1181	108
1182	104
1183	109
1184	104
1185	109
1186	104
1187	104
1188	109
1189	106
1190	106
1191	106
1192	107
1193	103
1194	107
1195	109
1196	104
1197	104
1198	104
1199	104
1200	105
1201	107
1202	105
1203	105
1204	107
1205	108
1206	106
1207	106
1208	106
1209	108
1210	109
1211	108
1212	103
1213	106
1214	106
1215	107
1216	107
1217	109
1218	106
1219	106
1220	106
1221	106
1222	109
1223	108
1224	105
1225	103
1226	103
1227	106
1228	108
1229	109
1230	109
1231	109
1232	109
1233	109
1234	109
1235	109
1236	109
1237	106
1238	106
1239	104
1240	103
1241	106
1242	108
1243	107
1244	105
1245	107
1246	107
1247	109
1248	107
1249	106
1250	109
1251	109
1252	107
1253	109
1254	107
1255	107
1256	109
1257	109
1258	109
1259	109
1260	107
1261	107
1262	109
1263	109
1264	103
1265	103
1266	107
1267	109
1268	108
1269	108
1270	109
1271	109
1272	109
1273	107
1274	109
1275	109
1276	109
1277	106
1278	107
1279	109
1280	109
1281	109
1282	107
1283	106
1284	107
1285	108
1286	104
1287	104
1288	109
1289	108
1290	109
1291	107
1292	103
1293	109
1294	107
1295	107
1296	106
1297	106
1298	106
1299	109
1300	107
1301	109
1302	107
1303	109
1304	107
1305	109
1306	107
1307	109
1308	109
1309	109
1310	106
1311	109
1312	106
1313	109
1314	106
1315	106
1316	103
1317	109
1318	104
1319	104
1320	107
1321	109
1322	107
1323	109
1324	106
1325	108
1326	107
1327	107
1328	108
1329	106
1330	108
1331	109
1332	109
1333	107
1334	109
1335	109
1336	109
1337	108
1338	109
1339	103
1340	109
1341	109
1342	103
1343	106
1344	107
1345	107
1346	109
1347	106
1348	109
1349	106
1350	106
1351	109
1352	104
1353	106
1354	106
1355	106
1356	109
1357	109
1358	108
1359	109
1360	109
1361	106
1362	107
1363	109
1364	106
1365	106
1366	106
1367	109
1368	109
1369	104
1370	105
1371	109
1372	109
1373	109
1374	109
1375	109
1376	109
1377	109
1378	109
1379	109
1380	109
1381	109
1382	109
1383	109
1384	109
1385	109
1386	109
1387	109
1388	109
1389	109
1390	108
1391	107
1392	109
1393	109
1394	109
1395	109
1396	109
1397	109
1398	107
1399	108
1400	106
1401	109
1402	109
1403	109
1404	109
1405	107
1406	106
1407	109
1408	109
1409	105
1410	106
1411	104
1412	107
1413	109
1414	104
1415	104
1416	109
1417	104
1418	109
1419	106
1420	106
1421	109
1422	109
1423	105
1424	109
1425	109
1426	108
1427	109
1428	109
1429	109
1430	109
1431	107
1432	109
1433	109
1434	109
1435	109
1436	109
1437	109
1438	107
1439	106
1440	109
1441	109
1442	109
1443	109
1444	109
1445	109
1446	109
1447	109
1448	109
1449	104
1450	106
1451	104
1452	107
1453	109
1454	109
1455	108
1456	108
1457	107
1458	109
1459	107
1460	109
1461	109
1462	107
1463	108
1464	106
1465	104
1466	106
1467	104
1468	104
1469	106
1470	106
1471	105
1472	109
1473	109
1474	107
1475	107
1476	107
1477	108
1478	105
1479	107
1480	109
1481	107
1482	107
1483	109
1484	109
1485	109
1486	109
1487	109
1488	106
1489	109
1490	108
1491	105
1492	109
1493	103
1494	106
1495	109
1496	106
1497	108
1498	109
1499	109
1500	109
1501	109
1502	109
1503	104
1504	104
1505	106
1506	104
1507	107
1508	107
1509	103
1510	109
1511	109
1512	104
1513	109
1514	109
1515	109
1516	103
1517	107
1518	107
1519	107
1520	107
1521	109
1522	109
1523	107
1524	109
1525	108
1526	109
1527	104
1528	109
1529	109
1530	109
1531	107
1532	109
1533	107
1534	107
1535	109
1536	105
1537	109
1538	109
1539	109
1540	109
1541	109
1542	109
1543	109
1544	108
1545	109
1546	109
1547	109
1548	109
1549	109
1550	109
1551	109
1552	109
1553	109
1554	109
1555	109
1556	109
1557	106
1558	109
1559	105
1560	109
1561	109
1562	109
1563	109
1564	109
1565	107
1566	107
1567	109
1568	109
1569	108
1570	109
1571	105
1572	105
1573	109
1574	108
1575	105
1576	106
1577	104
1578	106
1579	104
1580	107
1581	107
1582	109
1583	109
1584	103
1585	109
1586	106
1587	109
1588	107
1589	107
1590	106
1591	109
1592	107
1593	106
1594	109
1595	109
1596	107
1597	107
1598	105
1599	106
1600	106
1601	109
1602	109
1603	106
1604	109
1605	106
1606	109
1607	106
1608	107
1609	109
1610	106
1611	109
1612	105
1613	105
1614	109
1615	103
1616	107
1617	109
1618	109
1619	106
1620	109
1621	109
1622	109
1623	109
1624	107
1625	106
1626	107
1627	107
1628	104
1629	106
1630	106
1631	106
1632	106
1633	104
1634	106
1635	106
1636	106
1637	106
1638	109
1639	107
1640	106
1641	109
1642	106
1643	109
1644	103
1645	106
1646	105
1647	107
1648	107
1649	109
1650	107
1651	109
1652	103
1653	103
1654	103
1655	107
1656	103
1657	109
1658	101
1659	106
1660	103
1661	103
1662	103
1663	108
1664	109
1665	109
1666	107
1667	107
1668	109
1669	109
1670	109
1671	107
1672	104
1673	107
1674	105
1675	109
1676	109
1677	107
1678	107
1679	106
1680	105
1681	107
1682	108
1683	109
1684	107
1685	107
1686	109
1687	108
1688	109
1689	105
1690	106
1691	109
1692	107
1693	104
1694	109
1695	105
1696	109
1697	109
1698	107
1699	109
1700	109
1701	107
1702	108
1703	106
1704	107
1705	107
1706	106
1707	106
1708	106
1709	109
1710	107
1711	109
1712	106
1713	106
1714	107
1715	109
1716	109
1717	107
1718	105
1719	109
1720	107
1721	109
1722	107
1723	109
1724	109
1725	107
1726	107
1727	107
1728	106
1729	106
1730	106
1731	104
1732	106
1733	107
1734	104
1735	106
1736	108
1737	107
1738	106
1739	103
1740	106
1741	107
1742	109
1743	108
1744	106
1745	109
1746	107
1747	109
1748	106
1749	106
1750	103
1751	107
1752	106
1753	107
1754	104
1755	107
1756	109
1757	104
1758	109
1759	103
1760	109
1761	109
1762	106
1763	106
1764	109
1765	104
1766	104
1767	104
1768	109
1769	109
1770	106
1771	109
1772	109
1773	106
1774	109
1775	103
1776	104
1777	106
1778	104
1779	107
1780	109
1781	104
1782	104
1783	104
1784	109
1785	109
1786	109
1787	109
1788	109
1789	108
1790	109
1791	104
1792	109
1793	109
1794	106
1795	109
1796	109
1797	107
1798	109
1799	109
1800	104
1801	109
1802	107
1803	106
1804	107
1805	106
1806	103
1807	103
1808	107
1809	108
1810	103
1811	103
1812	103
1813	103
1814	107
1815	107
1816	106
1817	109
1818	107
1819	109
1820	107
1821	103
1822	103
1823	109
1824	106
1825	109
1826	109
1827	109
1828	109
1829	109
1830	109
1831	106
1832	108
1833	107
1834	105
1835	107
1836	107
1837	108
1838	109
1839	104
1840	107
1841	108
1842	108
1843	109
1844	109
1845	105
1846	109
1847	109
1848	107
1849	107
1850	107
1851	109
1852	103
1853	106
1854	109
1855	109
1856	106
1857	104
1858	107
1859	107
1860	106
1861	109
1862	106
1863	106
1864	109
1865	109
1866	109
1867	107
1868	104
1869	109
1870	107
1871	109
1872	109
1873	109
1874	108
1875	106
1876	108
1877	109
1878	109
1879	107
1880	103
1881	108
1882	106
1883	109
1884	104
1885	109
1886	107
1887	105
1888	104
1889	108
1890	107
1891	109
1892	109
1893	106
1894	109
1895	104
1896	104
1897	104
1898	106
1899	107
1900	107
1901	109
1902	109
1903	109
1904	103
1905	109
1906	103
1907	109
1908	105
1909	105
1910	109
1911	104
1912	109
1913	109
1914	104
1915	107
1916	106
1917	109
1918	107
1919	106
1920	107
1921	106
1922	103
1923	109
1924	108
1925	107
1926	104
1927	107
1928	107
1929	109
1930	106
1931	103
1932	103
1933	109
1934	106
1935	105
1936	109
1937	106
1938	104
1939	103
1940	104
1941	107
1942	108
1943	108
1944	109
1945	107
1946	106
1947	103
1948	104
1949	104
1950	104
1951	103
1952	106
1953	103
1954	106
1955	109
1956	106
1957	103
1958	103
1959	103
1960	107
1961	107
1962	106
1963	107
1964	109
1965	109
1966	104
1967	109
1968	108
1969	109
1970	106
1971	103
1972	109
1973	107
1974	107
1975	109
1976	109
1977	103
1978	107
1979	109
1980	106
1981	107
1982	109
1983	109
1984	109
1985	109
1986	109
1987	109
1988	106
1989	109
1990	109
1991	104
1992	103
1993	104
1994	106
1995	104
1996	104
1997	104
1998	104
1999	109
2000	109
2001	109
2002	106
2003	107
2004	107
2005	109
2006	109
2007	109
2008	109
2009	107
2010	107
2011	104
2012	109
2013	107
2014	107
2015	107
2016	107
2017	103
2018	104
2019	106
2020	104
2021	107
2022	106
2023	109
2024	106
2025	107
2026	103
2027	103
2028	106
2029	106
2030	108
2031	109
2032	107
2033	109
2034	109
2035	107
2036	106
2037	106
2038	106
2039	106
2040	108
2041	107
2042	105
2043	107
2044	109
2045	107
2046	107
2047	109
2048	107
2049	107
2050	109
2051	109
2052	109
2053	107
2054	106
2055	103
2056	104
2057	104
2058	109
2059	104
2060	109
2061	109
2062	109
2063	109
2064	109
2065	109
2066	106
2067	107
2068	107
2069	109
2070	106
2071	109
2072	107
2073	106
2074	109
2075	109
2076	107
2077	107
2078	109
2079	107
2080	107
2081	103
2082	103
2083	106
2084	109
2085	107
2086	107
2087	107
2088	108
2089	108
2090	108
2091	107
2092	109
2093	107
2094	109
2095	108
2096	108
2097	107
2098	107
2099	107
2100	109
2101	107
2102	106
2103	107
2104	108
2105	109
2106	109
2107	103
2108	104
2109	104
2110	109
2111	109
2112	107
2113	109
2114	104
2115	109
2116	104
2117	104
2118	109
2119	109
2120	109
2121	109
2122	109
2123	109
2124	109
2125	109
2126	109
2127	109
2128	109
2129	109
2130	104
2131	109
2132	109
2133	109
2134	109
2135	109
2136	109
2137	109
2138	106
2139	103
2140	109
2141	109
2142	109
2143	106
2144	109
2145	106
2146	107
2147	106
2148	107
2149	109
2150	106
2151	107
2152	109
2153	109
2154	109
2155	106
2156	103
2157	106
2158	109
2159	106
2160	109
2161	109
2162	108
2163	109
2164	104
2165	104
2166	108
2167	103
2168	107
2169	109
2170	109
2171	102
2172	106
2173	103
2174	106
2175	107
2176	103
2177	103
2178	103
2179	103
2180	109
2181	104
2182	104
2183	104
2184	104
2185	104
2186	109
2187	109
2188	107
2189	109
2190	108
2191	109
2192	109
2193	106
2194	103
2195	103
2196	107
2197	106
2198	107
2199	106
2200	105
2201	108
2202	106
2203	109
2204	106
2205	109
2206	107
2207	108
2208	107
2209	106
2210	106
2211	108
2212	103
2213	103
2214	106
2215	106
2216	107
2217	104
2218	104
2219	107
2220	104
2221	106
2222	104
2223	106
2224	107
2225	107
2226	107
2227	104
2228	109
2229	104
2230	108
2231	108
2232	108
2233	106
2234	108
2235	109
2236	104
2237	108
2238	107
2239	106
2240	108
2241	109
2242	108
2243	109
2244	104
2245	106
2246	107
2247	109
2248	105
2249	107
2250	107
2251	109
2252	104
2253	107
2254	103
2255	103
2256	107
2257	107
2258	109
2259	104
2260	106
2261	108
2262	109
2263	106
2264	109
2265	107
2266	104
2267	106
2268	104
2269	103
2270	107
2271	105
2272	104
2273	107
2274	109
2275	105
2276	109
2277	109
2278	109
2279	106
2280	107
2281	107
2282	103
2283	107
2284	107
2285	109
2286	106
2287	109
2288	103
2289	109
2290	108
2291	107
2292	106
2293	109
2294	106
2295	104
2296	109
2297	109
2298	109
2299	109
2300	109
2301	109
2302	104
2303	104
2304	109
2305	103
2306	103
2307	109
2308	109
2309	107
2310	103
2311	104
2312	109
2313	107
2314	106
2315	107
2316	107
2317	107
2318	104
2319	105
2320	107
2321	105
2322	106
2323	106
2324	106
2325	104
2326	104
2327	104
2328	104
2329	107
2330	107
2331	104
2332	107
2333	106
2334	107
2335	107
2336	107
2337	109
2338	109
2339	104
2340	107
2341	109
2342	109
2343	107
2344	104
2345	104
2346	104
2347	104
2348	104
2349	104
2350	104
2351	104
2352	104
2353	104
2354	104
2355	104
2356	106
2357	109
2358	104
2359	104
2360	104
2361	104
2362	104
2363	104
2364	107
2365	104
2366	104
2367	104
2368	104
2369	104
2370	109
2371	104
2372	104
2373	104
2374	104
2375	104
2376	107
2377	104
2378	104
2379	104
2380	107
2381	104
2382	104
2383	104
2384	104
2385	104
2386	104
2387	104
2388	104
2389	104
2390	104
2391	104
2392	104
2393	104
2394	104
2395	104
2396	104
2397	104
2398	104
2399	104
2400	104
2401	104
2402	104
2403	104
2404	104
2405	104
2406	104
2407	104
2408	104
2409	104
2410	104
2411	104
2412	104
2413	104
2414	104
2415	107
2416	107
2417	106
2418	106
2419	109
2420	107
2421	104
2422	104
2423	106
2424	109
2425	109
2426	108
2427	109
2428	109
2429	109
2430	109
2431	104
2432	109
2433	109
2434	109
2435	108
2436	108
2437	109
2438	109
2439	108
2440	107
2441	109
2442	108
2443	108
2444	109
2445	109
2446	109
2447	109
2448	106
2449	109
2450	104
2451	109
2452	109
2453	106
2454	107
2455	106
2456	104
2457	108
2458	108
2459	109
2460	109
2461	106
2462	101
2463	109
2464	107
2465	107
2466	109
2467	104
2468	109
2469	103
2470	103
2471	103
2472	103
2473	107
2474	107
2475	107
2476	104
2477	107
2478	104
2479	104
2480	104
2481	103
2482	104
2483	104
2484	104
2485	103
2486	103
2487	109
2488	108
2489	106
2490	107
2491	103
2492	106
2493	104
2494	104
2495	109
2496	103
2497	107
2498	108
2499	103
2500	107
2501	107
2502	107
2503	104
2504	104
2505	104
2506	104
2507	104
2508	104
2509	104
2510	104
2511	104
2512	104
2513	104
2514	104
2515	104
2516	109
2517	104
2518	109
2519	106
2520	106
2521	107
2522	107
2523	107
2524	107
2525	107
2526	107
2527	107
2528	106
2529	104
2530	104
2531	107
2532	107
2533	104
2534	107
2535	106
2536	106
2537	105
2538	105
2539	109
2540	107
2541	106
2542	106
2543	107
2544	107
2545	107
2546	103
2547	109
2548	106
2549	109
2550	106
2551	106
2552	103
2553	109
2554	106
2555	109
2556	109
2557	106
2558	107
2559	109
2560	109
2561	107
2562	109
2563	109
2564	108
2565	106
2566	109
2567	107
2568	109
2569	104
2570	104
2571	104
2572	104
2573	109
2574	104
2575	109
2576	107
2577	106
2578	106
2579	106
2580	103
2581	109
2582	108
2583	106
2584	109
2585	106
2586	109
2587	109
2588	104
2589	107
2590	108
2591	104
2592	107
2593	106
2594	103
2595	109
2596	107
2597	109
2598	104
2599	107
2600	109
2601	107
2602	109
2603	109
2604	107
2605	106
2606	109
2607	109
2608	109
2609	109
2610	109
2611	109
2612	104
2613	107
2614	107
2615	103
2616	107
2617	107
2618	107
2619	107
2620	106
2621	103
2622	106
2623	109
2624	109
2625	103
2626	107
2627	109
2628	109
2629	103
2630	109
2631	106
2632	105
2633	109
2634	104
2635	104
2636	104
2637	104
2638	104
2639	104
2640	104
2641	109
2642	104
2643	104
2644	104
2645	104
2646	104
2647	104
2648	104
2649	104
2650	104
2651	104
2652	104
2653	104
2654	109
2655	104
2656	109
2657	106
2658	107
2659	109
2660	106
2661	103
2662	109
2663	109
2664	107
2665	109
2666	109
2667	109
2668	108
2669	109
2670	109
2671	109
2672	104
2673	109
2674	109
2675	109
2676	107
2677	103
2678	109
2679	107
2680	107
2681	105
2682	104
2683	109
2684	109
2685	109
2686	109
2687	109
2688	109
2689	107
2690	109
2691	109
2692	109
2693	109
2694	109
2695	109
2696	109
2697	108
2698	109
2699	107
2700	108
2701	109
2702	108
2703	106
2704	109
2705	109
2706	109
2707	109
2708	109
2709	106
2710	104
2711	104
2712	108
2713	109
2714	106
2715	109
2716	109
2717	108
2718	109
2719	108
2720	104
2721	103
2722	104
2723	108
2724	107
2725	107
2726	103
2727	107
2728	107
2729	103
2730	109
2731	109
2732	103
2733	103
2734	103
2735	105
2736	107
2737	107
2738	109
2739	104
2740	103
2741	104
2742	106
2743	107
2744	107
2745	109
2746	104
2747	106
2748	103
2749	109
2750	107
2751	109
2752	107
2753	103
2754	109
2755	109
2756	105
2757	106
2758	106
2759	109
2760	103
2761	105
2762	106
2763	106
2764	106
2765	106
2766	106
2767	106
2768	107
2769	107
2770	107
2771	109
2772	109
2773	107
2774	106
2775	109
2776	109
2777	104
2778	107
2779	103
2780	103
2781	104
2782	103
2783	109
2784	109
2785	109
2786	106
2787	109
2788	109
2789	106
2790	107
2791	109
2792	108
2793	106
2794	106
2795	103
2796	103
2797	103
2798	103
2799	109
2800	108
2801	109
2802	104
2803	107
2804	109
2805	104
2806	104
2807	106
2808	109
2809	109
2810	106
2811	109
2812	104
2813	107
2814	109
2815	107
2816	108
2817	107
2818	106
2819	105
2820	109
2821	109
2822	103
2823	101
2824	109
2825	104
2826	109
2827	108
2828	105
2829	109
2830	107
2831	109
2832	103
2833	109
2834	109
2835	103
2836	103
2837	103
2838	103
2839	103
2840	103
2841	103
2842	103
2843	103
2844	103
2845	103
2846	103
2847	103
2848	103
2849	103
2850	103
2851	103
2852	103
2853	103
2854	103
2855	103
2856	104
2857	109
2858	109
2859	109
2860	109
2861	109
2862	106
2863	107
2864	104
2865	103
2866	109
2867	109
2868	104
2869	109
2870	109
2871	109
2872	109
2873	109
2874	109
2875	108
2876	107
2877	109
2878	107
2879	109
2880	107
2881	107
2882	107
2883	106
2884	107
2885	107
2886	109
2887	109
2888	104
2889	104
2890	106
2891	107
2892	107
2893	107
2894	107
2895	104
2896	108
2897	106
2898	109
2899	107
2900	108
2901	103
2902	104
2903	107
2904	107
2905	107
2906	109
2907	109
2908	109
2909	107
2910	106
2911	107
2912	103
2913	103
2914	103
2915	103
2916	103
2917	107
2918	103
2919	103
2920	109
2921	109
2922	106
2923	109
2924	103
2925	106
2926	103
2927	109
2928	109
2929	104
2930	103
2931	106
2932	104
2933	107
2934	106
2935	103
2936	103
2937	106
2938	107
2939	109
2940	107
2941	103
2942	103
2943	103
2944	107
2945	106
2946	103
2947	103
2948	104
2949	109
2950	109
2951	107
2952	103
2953	108
2954	104
2955	106
2956	107
2957	109
2958	107
2959	103
2960	109
2961	109
2962	109
2963	109
2964	109
2965	107
2966	109
2967	106
2968	109
2969	105
2970	109
2971	103
2972	105
2973	104
2974	103
2975	109
2976	103
2977	107
2978	103
2979	105
2980	109
2981	109
2982	108
2983	109
2984	109
2985	109
2986	109
2987	109
2988	107
2989	109
2990	108
2991	109
2992	106
2993	109
2994	103
2995	104
2996	107
2997	106
2998	107
2999	109
3000	106
3001	106
3002	106
3003	109
3004	104
3005	109
3006	106
3007	109
3008	108
3009	103
3010	104
3011	104
3012	104
3013	104
3014	104
3015	104
3016	104
3017	106
3018	106
3019	109
3020	104
3021	104
3022	106
3023	107
3024	104
3025	107
3026	108
3027	104
3028	103
3029	103
3030	107
3031	103
3032	107
3033	106
3034	103
3035	107
3036	106
3037	109
3038	108
3039	103
3040	109
3041	101
3042	106
3043	104
3044	109
3045	103
3046	109
3047	103
3048	107
3049	104
3050	109
3051	109
3052	106
3053	109
3054	105
3055	109
3056	104
3057	104
3058	106
3059	107
3060	103
3061	103
3062	107
3063	109
3064	108
3065	103
3066	109
3067	107
3068	109
3069	109
3070	109
3071	109
3072	108
3073	109
3074	106
3075	107
3076	109
3077	109
3078	109
3079	108
3080	106
3081	109
3082	107
3083	106
3084	106
3085	106
3086	109
3087	109
3088	109
3089	109
3090	109
3091	109
3092	109
3093	109
3094	104
3095	104
3096	104
3097	107
3098	109
3099	109
3100	103
3101	103
3102	109
3103	109
3104	107
3105	103
3106	107
3107	109
3108	107
3109	106
3110	109
3111	107
3112	109
3113	109
3114	109
3115	109
3116	106
3117	107
3118	104
3119	109
3120	109
3121	109
3122	103
3123	103
3124	107
3125	103
3126	109
3127	104
3128	107
3129	104
3130	103
3131	103
3132	103
3133	109
3134	103
3135	103
3136	103
3137	107
3138	107
3139	107
3140	106
3141	107
3142	106
3143	103
3144	103
3145	107
3146	108
3147	109
3148	108
3149	109
3150	108
3151	108
3152	109
3153	109
3154	107
3155	108
3156	108
3157	108
3158	109
3159	107
3160	107
3161	104
3162	104
3163	104
3164	104
3165	104
3166	104
3167	109
3168	106
3169	104
3170	104
3171	104
3172	106
3173	106
3174	107
3175	109
3176	109
3177	109
3178	109
3179	109
3180	109
3181	109
3182	109
3183	109
3184	109
3185	106
3186	106
3187	106
3188	103
3189	107
3190	108
3191	108
3192	109
3193	109
3194	108
3195	107
3196	109
3197	108
3198	108
3199	103
3200	106
3201	106
3202	103
3203	106
3204	107
3205	107
3206	103
3207	106
3208	109
3209	105
3210	106
3211	107
3212	107
3213	109
3214	109
3215	109
3216	109
3217	107
3218	109
3219	106
3220	109
3221	106
3222	108
3223	109
3224	107
3225	109
3226	109
3227	109
3228	109
3229	106
3230	109
3231	106
3232	104
3233	107
3234	109
3235	109
3236	104
3237	109
3238	109
3239	109
3240	109
3241	103
3242	106
3243	105
3244	106
3245	107
3246	106
3247	109
3248	109
3249	107
3250	107
3251	107
3252	107
3253	107
3254	107
3255	107
3256	104
3257	104
3258	108
3259	106
3260	109
3261	107
3262	106
3263	108
3264	109
3265	109
3266	109
3267	109
3268	109
3269	107
3270	104
3271	106
3272	107
3273	108
3274	106
3275	109
3276	107
3277	103
3278	104
3279	106
3280	109
3281	109
3282	109
3283	107
3284	107
3285	107
3286	109
3287	109
3288	109
3289	107
3290	107
3291	109
3292	105
3293	106
3294	109
3295	109
3296	109
3297	109
3298	107
3299	109
3300	109
3301	108
3302	107
3303	109
3304	109
3305	104
3306	104
3307	109
3308	107
3309	109
3310	107
3311	106
3312	103
3313	107
3314	109
3315	109
3316	107
3317	107
3318	107
3319	107
3320	109
3321	107
3322	108
3323	104
3324	109
3325	107
3326	109
3327	109
3328	104
3329	107
3330	107
3331	107
3332	107
3333	104
3334	103
3335	104
3336	109
3337	103
3338	107
3339	109
3340	103
3341	107
3342	109
3343	104
3344	106
3345	109
3346	107
3347	103
3348	105
3349	103
3350	103
3351	103
3352	103
3353	103
3354	107
3355	106
3356	107
3357	104
3358	109
3359	103
3360	103
3361	105
3362	108
3363	104
3364	109
3365	108
3366	109
3367	103
3368	106
3369	109
3370	107
3371	109
3372	108
3373	109
3374	109
3375	109
3376	109
3377	109
3378	103
3379	109
3380	104
3381	103
3382	103
3383	103
3384	103
3385	103
3386	105
3387	107
3388	103
3389	108
3390	109
3391	109
3392	109
3393	109
3394	106
3395	109
3396	106
3397	109
3398	108
3399	105
3400	109
3401	109
3402	109
3403	109
3404	108
3405	109
3406	109
3407	109
3408	104
3409	109
3410	107
3411	107
3412	103
3413	106
3414	109
3415	107
3416	107
3417	108
3418	107
3419	106
3420	106
3421	107
3422	106
3423	108
3424	106
3425	104
3426	103
3427	109
3428	106
3429	107
3430	109
3431	103
3432	109
3433	103
3434	107
3435	103
3436	106
3437	103
3438	109
3439	103
3440	109
3441	106
3442	107
3443	107
3444	103
3445	103
3446	103
3447	109
3448	103
3449	103
3450	103
3451	106
3452	107
3453	103
3454	107
3455	107
3456	107
3457	109
3458	107
3459	106
3460	108
3461	108
3462	104
3463	103
3464	103
3465	106
3466	103
3467	109
3468	104
3469	104
3470	104
3471	106
3472	107
3473	109
3474	107
3475	107
3476	104
3477	109
3478	107
3479	107
3480	107
3481	107
3482	107
3483	107
3484	107
3485	107
3486	101
3487	103
3488	103
3489	106
3490	106
3491	107
3492	106
3493	103
3494	103
3495	103
3496	109
3497	108
3498	106
3499	108
3500	104
3501	109
3502	108
3503	106
3504	104
3505	104
3506	104
3507	104
3508	104
3509	104
3510	106
3511	104
3512	103
3513	104
3514	103
3515	108
3516	108
3517	107
3518	109
3519	106
3520	103
3521	109
3522	106
3523	104
3524	108
3525	109
3526	108
3527	106
3528	103
3529	107
3530	109
3531	107
3532	103
3533	109
3534	109
3535	106
3536	107
3537	103
3538	106
3539	104
3540	104
3541	104
3542	107
3543	109
3544	106
3545	103
3546	109
3547	107
3548	109
3549	103
3550	107
3551	103
3552	103
3553	109
3554	104
3555	107
3556	107
3557	107
3558	107
3559	107
3560	107
3561	106
3562	107
3563	103
3564	103
3565	104
3566	103
3567	103
3568	103
3569	103
3570	107
3571	108
3572	103
3573	105
3574	103
3575	106
3576	107
3577	103
3578	107
3579	106
3580	104
3581	106
3582	109
3583	109
3584	104
3585	109
3586	109
3587	109
3588	106
3589	104
3590	109
3591	106
3592	104
3593	107
3594	107
3595	110
3596	108
3597	106
3598	109
3599	106
3600	108
3601	106
3602	107
3603	106
3604	107
3605	104
3606	109
3607	106
3608	107
3609	109
3610	107
3611	103
3612	109
3613	109
3614	106
3615	109
3616	109
3617	107
3618	109
3619	108
3620	109
3621	107
3622	107
3623	109
3624	109
3625	109
3626	109
3627	107
3628	109
3629	104
3630	104
3631	104
3632	103
3633	103
3634	103
3635	103
3636	103
3637	106
3638	107
3639	109
3640	107
3641	107
3642	107
3643	104
3644	104
3645	104
3646	109
3647	106
3648	109
3649	106
3650	107
3651	107
3652	107
3653	104
3654	104
3655	109
3656	106
3657	109
3658	109
3659	104
3660	103
3661	104
3662	104
3663	103
3664	104
3665	104
3666	103
3667	109
3668	109
3669	107
3670	107
3671	104
3672	109
3673	107
3674	106
3675	109
3676	105
3677	109
3678	106
3679	106
3680	109
3681	106
3682	106
3683	109
3684	107
3685	107
3686	109
3687	104
3688	109
3689	106
3690	103
3691	106
3692	106
3693	103
3694	106
3695	109
3696	108
3697	105
3698	109
3699	106
3700	108
3701	108
3702	109
3703	108
3704	108
3705	109
3706	108
3707	107
3708	106
3709	107
3710	104
3711	109
3712	109
3713	109
3714	103
3715	103
3716	109
3717	103
3718	103
3719	103
3720	103
3721	109
3722	109
3723	109
3724	107
3725	103
3726	103
3727	103
3728	104
3729	104
3730	109
3731	109
3732	107
3733	107
3734	109
3735	107
3736	104
3737	107
3738	107
3739	104
3740	109
3741	103
3742	103
3743	106
3744	103
3745	107
3746	101
3747	106
3748	106
3749	104
3750	105
3751	103
3752	103
3753	103
3754	103
3755	103
3756	103
3757	106
3758	109
3759	103
3760	103
3761	109
3762	103
3763	107
3764	103
3765	104
3766	107
3767	103
3768	109
3769	106
3770	104
3771	108
3772	109
3773	103
3774	108
3775	109
3776	106
3777	103
3778	103
3779	106
3780	106
3781	109
3782	106
3783	106
3784	106
3785	106
3786	109
3787	104
3788	105
3789	104
3790	103
3791	103
3792	107
3793	107
3794	107
3795	109
3796	103
3797	103
3798	107
3799	103
3800	103
3801	109
3802	109
3803	106
3804	107
3805	109
3806	109
3807	106
3808	109
3809	109
3810	107
3811	109
3812	109
3813	104
3814	109
3815	107
3816	104
3817	103
3818	103
3819	107
3820	103
3821	107
3822	103
3823	108
3824	109
3825	103
3826	103
3827	109
3828	107
3829	107
3830	107
3831	106
3832	108
3833	107
3834	103
3835	107
3836	103
3837	103
3838	109
3839	109
3840	107
3841	109
3842	107
3843	109
3844	108
3845	109
3846	107
3847	104
3848	109
3849	109
3850	107
3851	104
3852	109
3853	109
3854	109
3855	109
3856	108
3857	106
3858	107
3859	106
3860	109
3861	109
3862	107
3863	103
3864	107
3865	109
3866	106
3867	103
3868	108
3869	109
3870	109
3871	109
3872	109
3873	109
3874	105
3875	103
3876	109
3877	103
3878	103
3879	103
3880	103
3881	103
3882	109
3883	109
3884	109
3885	103
3886	103
3887	103
3888	103
3889	103
3890	103
3891	103
3892	107
3893	107
3894	107
3895	109
3896	103
3897	104
3898	109
3899	106
3900	103
3901	103
3902	103
3903	103
3904	107
3905	108
3906	103
3907	106
3908	109
3909	103
3910	103
3911	103
3912	109
3913	103
3914	109
3915	103
3916	109
3917	103
3918	106
3919	103
3920	103
3921	103
3922	109
3923	103
3924	109
3925	104
3926	103
3927	109
3928	103
3929	104
3930	109
3931	107
3932	109
3933	109
3934	104
3935	109
3936	109
3937	109
3938	107
3939	107
3940	103
3941	107
3942	108
3943	109
3944	103
3945	104
3946	109
3947	105
3948	104
3949	103
3950	103
3951	106
3952	103
3953	109
3954	107
3955	103
3956	103
3957	107
3958	107
3959	103
3960	103
3961	103
3962	107
3963	107
3964	104
3965	106
3966	109
3967	109
3968	109
3969	109
3970	105
3971	109
3972	109
3973	106
3974	104
3975	105
3976	109
3977	105
3978	109
3979	109
3980	106
3981	109
3982	109
3983	104
3984	109
3985	104
3986	109
3987	109
3988	109
3989	106
3990	109
3991	109
3992	109
3993	109
3994	109
3995	109
3996	104
3997	107
3998	104
3999	104
4000	104
4001	104
4002	104
4003	104
4004	104
4005	109
4006	107
4007	107
4008	106
4009	109
4010	104
4011	109
4012	109
4013	104
4014	104
4015	107
4016	104
4017	104
4018	109
4019	106
4020	107
4021	107
4022	108
4023	107
4024	107
4025	107
4026	105
4027	108
4028	109
4029	106
4030	109
4031	109
4032	109
4033	109
4034	109
4035	109
4036	109
4037	106
4038	106
4039	109
4040	106
4041	109
4042	103
4043	107
4044	103
4045	109
4046	104
4047	107
4048	103
4049	107
4050	104
4051	109
4052	107
4053	107
4054	106
4055	107
4056	106
4057	109
4058	107
4059	109
4060	107
4061	108
4062	109
4063	108
4064	105
4065	107
4066	104
4067	103
4068	106
4069	107
4070	106
4071	109
4072	108
4073	107
4074	108
4075	109
4076	109
4077	107
4078	104
4079	106
4080	107
4081	104
4082	103
4083	107
4084	109
4085	103
4086	109
4087	103
4088	103
4089	103
4090	107
4091	109
4092	109
4093	109
4094	109
4095	107
4096	109
4097	104
4098	109
4099	104
4100	109
4101	104
4102	104
4103	104
4104	103
4105	109
4106	109
4107	109
4108	103
4109	109
4110	109
4111	106
4112	103
4113	107
4114	109
4115	105
4116	109
4117	109
4118	109
4119	107
4120	104
4121	104
4122	104
4123	106
4124	106
4125	106
4126	106
4127	106
4128	106
4129	103
4130	108
4131	106
4132	103
4133	107
4134	103
4135	109
4136	107
4137	109
4138	104
4139	103
4140	104
4141	109
4142	109
4143	107
4144	106
4145	109
4146	109
4147	109
4148	109
4149	109
4150	103
4151	103
4152	103
4153	109
4154	103
4155	109
4156	103
4157	107
4158	104
4159	107
4160	103
4161	104
4162	104
4163	103
4164	104
4165	103
4166	105
4167	109
4168	109
4169	107
4170	107
4171	103
4172	103
4173	103
4174	103
4175	103
4176	103
4177	107
4178	109
4179	108
4180	106
4181	109
4182	104
4183	104
4184	104
4185	109
4186	107
4187	110
4188	107
4189	106
4190	104
4191	107
4192	107
4193	109
4194	109
4195	109
4196	107
4197	106
4198	106
4199	104
4200	107
4201	107
4202	106
4203	106
4204	107
4205	107
4206	103
4207	103
4208	103
4209	107
4210	104
4211	109
4212	104
4213	103
4214	107
4215	106
4216	106
4217	103
4218	104
4219	104
4220	104
4221	104
4222	109
4223	108
4224	107
4225	109
4226	104
4227	107
4228	107
4229	103
4230	104
4231	103
4232	106
4233	103
4234	103
4235	103
4236	103
4237	109
4238	109
4239	109
4240	106
4241	106
4242	106
4243	109
4244	107
4245	109
4246	109
4247	109
4248	109
4249	109
4250	105
4251	109
4252	105
4253	103
4254	103
4255	107
4256	109
4257	105
4258	104
4259	107
4260	107
4261	107
4262	103
4263	103
4264	104
4265	104
4266	107
4267	103
4268	103
4269	105
4270	107
4271	109
4272	107
4273	107
4274	104
4275	108
4276	107
4277	109
4278	109
4279	109
4280	109
4281	109
4282	107
4283	106
4284	107
4285	104
4286	103
4287	103
4288	106
4289	103
4290	106
4291	107
4292	109
4293	109
4294	107
4295	104
4296	106
4297	103
4298	105
4299	109
4300	109
4301	109
4302	107
4303	107
4304	107
4305	107
4306	109
4307	103
4308	107
4309	107
4310	103
4311	109
4312	103
4313	103
4314	109
4315	103
4316	107
4317	103
4318	107
4319	106
4320	107
4321	107
4322	106
4323	107
4324	107
4325	107
4326	107
4327	107
4328	107
4329	107
4330	107
4331	107
4332	107
4333	107
4334	109
4335	109
4336	103
4337	103
4338	103
4339	103
4340	106
4341	103
4342	106
4343	106
4344	106
4345	106
4346	103
4347	104
4348	103
4349	107
4350	106
4351	107
4352	109
4353	109
4354	108
4355	109
4356	106
4357	103
4358	109
4359	103
4360	109
4361	107
4362	103
4363	106
4364	109
4365	109
4366	109
4367	109
4368	109
4369	109
4370	109
4371	109
4372	109
4373	105
4374	109
4375	103
4376	108
4377	109
4378	106
4379	109
4380	104
4381	107
4382	104
4383	109
4384	103
4385	109
4386	108
4387	108
4388	104
4389	103
4390	103
4391	103
4392	109
4393	103
4394	103
4395	106
4396	103
4397	103
4398	103
4399	103
4400	103
4401	107
4402	109
4403	104
4404	103
4405	103
4406	109
4407	107
4408	107
4409	107
4410	109
4411	109
4412	104
4413	109
4414	107
4415	103
4416	107
4417	103
4418	103
4419	109
4420	107
4421	103
4422	108
4423	109
4424	109
4425	109
4426	109
4427	107
4428	107
4429	107
4430	106
4431	107
4432	109
4433	109
4434	104
4435	104
4436	109
4437	107
4438	103
4439	106
4440	109
4441	109
4442	107
4443	103
4444	106
4445	106
4446	107
4447	103
4448	106
4449	103
4450	109
4451	108
4452	108
4453	107
4454	104
4455	107
4456	107
4457	103
4458	103
4459	103
4460	107
4461	109
4462	103
4463	109
4464	103
4465	107
4466	107
4467	106
4468	105
4469	106
4470	107
4471	104
4472	107
4473	107
4474	109
4475	104
4476	106
4477	109
4478	106
4479	103
4480	106
4481	106
4482	107
4483	106
4484	106
4485	106
4486	106
4487	107
4488	109
4489	104
4490	106
4491	104
4492	107
4493	106
4494	106
4495	106
4496	106
4497	106
4498	106
4499	107
4500	106
4501	109
4502	109
4503	104
4504	109
4505	101
4506	109
4507	103
4508	109
4509	109
4510	103
4511	103
4512	103
4513	101
4514	103
4515	106
4516	106
4517	105
4518	108
4519	103
4520	106
4521	106
4522	109
4523	107
4524	104
4525	106
4526	106
4527	107
4528	104
4529	103
4530	103
4531	103
4532	109
4533	104
4534	107
4535	107
4536	103
4537	107
4538	106
4539	106
4540	106
4541	103
4542	107
4543	103
4544	109
4545	106
4546	108
4547	103
4548	109
4549	103
4550	103
4551	109
4552	109
4553	109
4554	109
4555	107
4556	107
4557	107
4558	109
4559	103
4560	104
4561	107
4562	109
4563	109
4564	104
4565	103
4566	104
4567	106
4568	106
4569	109
4570	109
4571	109
4572	109
4573	109
4574	107
4575	103
4576	107
4577	103
4578	107
4579	109
4580	107
4581	103
4582	109
4583	109
4584	109
4585	109
4586	109
4587	108
4588	109
4589	109
4590	109
4591	109
4592	109
4593	109
4594	109
4595	109
4596	109
4597	109
4598	109
4599	109
4600	107
4601	106
4602	106
4603	107
4604	106
4605	109
4606	106
4607	104
4608	104
4609	104
4610	107
4611	104
4612	106
4613	107
4614	103
4615	103
4616	107
4617	107
4618	103
4619	103
4620	105
4621	109
4622	106
4623	103
4624	103
4625	103
4626	107
4627	106
4628	104
4629	103
4630	107
4631	103
4632	104
4633	107
4634	103
4635	106
4636	103
4637	106
4638	103
4639	101
4640	106
4641	107
4642	104
4643	103
4644	107
4645	109
4646	109
4647	109
4648	109
4649	104
4650	104
4651	104
4652	104
4653	104
4654	104
4655	104
4656	109
4657	109
4658	107
4659	109
4660	109
4661	109
4662	104
4663	106
4664	104
4665	103
4666	109
4667	103
4668	103
4669	103
4670	103
4671	106
4672	107
4673	109
4674	107
4675	108
4676	103
4677	107
4678	103
4679	103
4680	103
4681	103
4682	103
4683	106
4684	104
4685	109
4686	106
4687	109
4688	104
4689	106
4690	109
4691	104
4692	106
4693	103
4694	105
4695	107
4696	109
4697	106
4698	107
4699	109
4700	107
4701	104
4702	103
4703	106
4704	106
4705	104
4706	105
4707	107
4708	108
4709	103
4710	109
4711	107
4712	103
4713	103
4714	103
4715	109
4716	103
4717	106
4718	103
4719	104
4720	103
4721	103
4722	106
4723	103
4724	107
4725	103
4726	103
4727	103
4728	107
4729	101
4730	103
4731	106
4732	106
4733	108
4734	109
4735	106
4736	103
4737	103
4738	106
4739	104
4740	104
4741	103
4742	106
4743	104
4744	106
4745	108
4746	101
4747	106
4748	106
4749	105
4750	109
4751	103
4752	109
4753	106
4754	106
4755	104
4756	108
4757	109
4758	106
4759	109
4760	104
4761	104
4762	106
4763	109
4764	107
4765	106
4766	109
4767	107
4768	106
4769	107
4770	107
4771	109
4772	103
4773	103
4774	103
4775	103
4776	103
4777	103
4778	103
4779	106
4780	109
4781	106
4782	108
4783	106
4784	104
4785	109
4786	103
4787	106
4788	107
4789	106
4790	103
4791	107
4792	103
4793	109
4794	108
4795	106
4796	106
4797	104
4798	107
4799	104
4800	109
4801	109
4802	108
4803	106
4804	109
4805	108
4806	107
4807	109
4808	106
4809	106
4810	109
4811	103
4812	106
4813	109
4814	106
4815	104
4816	106
4817	109
4818	109
4819	103
4820	103
4821	107
4822	108
4823	108
4824	109
4825	106
4826	106
4827	107
4828	106
4829	106
4830	109
4831	103
4832	109
4833	107
4834	103
4835	103
4836	103
4837	103
4838	103
4839	103
4840	103
4841	109
4842	107
4843	107
4844	109
4845	109
4846	104
4847	108
4848	106
4849	104
4850	103
4851	103
4852	107
4853	107
4854	107
4855	108
4856	109
4857	108
4858	107
4859	109
4860	101
4861	109
4862	105
4863	109
4864	104
4865	104
4866	104
4867	104
4868	104
4869	109
4870	107
4871	109
4872	105
4873	104
4874	106
4875	107
4876	106
4877	106
4878	108
4879	106
4880	107
4881	106
4882	107
4883	106
4884	107
4885	109
4886	107
4887	103
4888	103
4889	103
4890	106
4891	103
4892	107
4893	109
4894	109
4895	109
4896	109
4897	109
4898	109
4899	109
4900	109
4901	109
4902	106
4903	109
4904	106
4905	106
4906	109
4907	107
4908	107
4909	109
4910	107
4911	107
4912	106
4913	106
4914	109
4915	107
4916	109
4917	103
4918	103
4919	109
4920	106
4921	107
4922	104
4923	109
4924	109
4925	109
4926	108
4927	109
4928	109
4929	109
4930	105
4931	104
4932	105
4933	109
4934	106
4935	106
4936	109
4937	106
4938	103
4939	106
4940	109
4941	106
4942	103
4943	107
4944	107
4945	109
4946	103
4947	104
4948	104
4949	109
4950	107
4951	108
4952	103
4953	105
4954	106
4955	109
4956	104
4957	108
4958	106
4959	107
4960	107
4961	107
4962	103
4963	109
4964	103
4965	103
4966	107
4967	107
4968	104
4969	106
4970	106
4971	106
4972	103
4973	107
4974	103
4975	104
4976	103
4977	106
4978	108
4979	109
4980	103
4981	109
4982	106
4983	109
4984	108
4985	109
4986	108
4987	109
4988	108
4989	109
4990	109
4991	109
4992	109
4993	109
4994	109
4995	109
4996	109
4997	107
4998	109
4999	106
5000	106
